------ Begin Next Fly'm ------


"Begin Fly'm (Tue Sep 09 17:18:19 2025)"
"Ions Flown Separately, Comp Quality(3)"
"Number of Ions to Fly = 80"
"Changes:","Mass","Charge","X","Y","Z","KE","Azm","Elv","Time of Birth"
" ","NO ","NO ","YES","YES","NO ","YES","YES","YES","NO "


"Ion N","Events","TOF","Mass","Charge","X","Y","Z","E","KE"

         1,         1,         0,  0.000549,        -1,       199,        -1,         0,241.0641701,         0
         1,         4,0.009730252481,  0.000549,        -1,73.00000052,-1.022902494,         0,       900,658.9367274
         2,         1,         0,  0.000549,        -1,       201,        -1,         0,180.8716484,         0
         2,         4,0.009565109637,  0.000549,        -1,73.00000055,-1.02232917,         0,       900,719.1295373
         3,         1,         0,  0.000549,        -1,       199,         1,         0,241.0641701,         0
         3,         4,0.009730252481,  0.000549,        -1,73.00000052,1.022902494,         0,       900,658.9367274
         4,         1,         0,  0.000549,        -1,       201,         1,         0,180.8716484,         0
         4,         4,0.009565109637,  0.000549,        -1,73.00000055,1.02232917,         0,       900,719.1295373
         5,         1,         0,  0.000549,        -1,       199,        -1,         0,241.0641701,  0.315789
         5,         4,0.009666265028,  0.000549,        -1,73.00000163,-1.021765456,         0,       900,659.2530695
         6,         1,         0,  0.000549,        -1,       201,        -1,         0,180.8716484,  0.315789
         6,         4,0.009501375546,  0.000549,        -1,73.00000183,-1.021490847,         0,       900,719.4450403
         7,         1,         0,  0.000549,        -1,       199,         1,         0,241.0641701,  0.315789
         7,         4,0.009666264582,  0.000549,        -1,73.00000111,1.021763353,         0,       900,659.2532045
         8,         1,         0,  0.000549,        -1,       201,         1,         0,180.8716484,  0.315789
         8,         4,0.009501375334,  0.000549,        -1,73.00000155,1.021491055,         0,       900,719.4451048
         9,         1,         0,  0.000549,        -1,       199,        -1,         0,241.0641701,  0.631579
         9,         4,0.009639206796,  0.000549,        -1,73.00000067,-1.021296997,         0,       900,659.5683742
        10,         1,         0,  0.000549,        -1,       201,        -1,         0,180.8716484,  0.631579
        10,         4,0.009474515665,  0.000549,        -1,73.00000038,-1.021136244,         0,       900,719.7613775
        11,         1,         0,  0.000549,        -1,       199,         1,         0,241.0641701,  0.631579
        11,         4,0.009639206452,  0.000549,        -1,73.00000187,1.021297307,         0,       900,659.5684266
        12,         1,         0,  0.000549,        -1,       201,         1,         0,180.8716484,  0.631579
        12,         4,0.009474519758,  0.000549,        -1,73.00000056,1.021134811,         0,       900,719.7604971
        13,         1,         0,  0.000549,        -1,       199,        -1,         0,241.0641701,  0.947368
        13,         4,0.009618218947,  0.000549,        -1,73.00000117,-1.020947296,         0,       900,659.8845992
        14,         1,         0,  0.000549,        -1,       201,        -1,         0,180.8716484,  0.947368
        14,         4,0.009453728967,  0.000549,        -1,73.00000081,-1.020871267,         0,       900,720.0764939
        15,         1,         0,  0.000549,        -1,       199,         1,         0,241.0641701,  0.947368
        15,         4,0.009618218595,  0.000549,        -1,73.00000051,1.020943149,         0,       900,659.8847051
        16,         1,         0,  0.000549,        -1,       201,         1,         0,180.8716484,  0.947368
        16,         4,0.00945372839,  0.000549,        -1,73.00000071,1.020871163,         0,       900,720.076627
        17,         1,         0,  0.000549,        -1,       199,        -1,         0,241.0641701,  1.263158
        17,         4,0.00960037821,  0.000549,        -1,73.00000031,-1.020642923,         0,       900,660.200659
        18,         1,         0,  0.000549,        -1,       201,        -1,         0,180.8716484,  1.263158
        18,         4,0.009436079516,  0.000549,        -1,73.00000166,-1.020643656,         0,       900,720.392562
        19,         1,         0,  0.000549,        -1,       199,         1,         0,241.0641701,  1.263158
        19,         4,0.009600378687,  0.000549,        -1,73.00000178,1.020645194,         0,       900,660.2005482
        20,         1,         0,  0.000549,        -1,       201,         1,         0,180.8716484,  1.263158
        20,         4,0.009436077793,  0.000549,        -1,73.00000083,1.020642208,         0,       900,720.3929516
        21,         1,         0,  0.000549,        -1,       199,        -1,         0,241.0641701,  1.578947
        21,         4,0.009584552882,  0.000549,        -1,73.00000149,-1.020383341,         0,       900,660.5156962
        22,         1,         0,  0.000549,        -1,       201,        -1,         0,180.8716484,  1.578947
        22,         4,0.009420437972,  0.000549,        -1,73.00000027,-1.020439613,         0,       900,720.7086591
        23,         1,         0,  0.000549,        -1,       199,         1,         0,241.0641701,  1.578947
        23,         4,0.009584551448,  0.000549,        -1,73.00000134,1.020384957,         0,       900,660.5159462
        24,         1,         0,  0.000549,        -1,       201,         1,         0,180.8716484,  1.578947
        24,         4,0.009420441388,  0.000549,        -1,73.00000095,1.020440501,         0,       900,720.7078965
        25,         1,         0,  0.000549,        -1,       199,        -1,         0,241.0641701,  1.894737
        25,         4,0.009570149803,  0.000549,        -1,73.00000005,-1.020152798,         0,       900,660.8319071
        26,         1,         0,  0.000549,        -1,       201,        -1,         0,180.8716484,  1.894737
        26,         4,0.009406226509,  0.000549,        -1,73.00000087,-1.020261809,         0,       900,721.0238822
        27,         1,         0,  0.000549,        -1,       199,         1,         0,241.0641701,  1.894737
        27,         4,0.009570149371,  0.000549,        -1,73.00000185,1.020151531,         0,       900,660.8319948
        28,         1,         0,  0.000549,        -1,       201,         1,         0,180.8716484,  1.894737
        28,         4,0.009406226132,  0.000549,        -1,73.00000082,1.020264071,         0,       900,721.0239618
        29,         1,         0,  0.000549,        -1,       199,        -1,         0,241.0641701,  2.210526
        29,         4,0.009556830659,  0.000549,        -1,73.00000005,-1.019934038,         0,       900,661.1479676
        30,         1,         0,  0.000549,        -1,       201,        -1,         0,180.8716484,  2.210526
        30,         4,0.009393092921,  0.000549,        -1,73.00000067,-1.020098248,         0,       900,721.3398655
        31,         1,         0,  0.000549,        -1,       199,         1,         0,241.0641701,  2.210526
        31,         4,0.009556830299,  0.000549,        -1,73.00000021,1.019934196,         0,       900,661.1480682
        32,         1,         0,  0.000549,        -1,       201,         1,         0,180.8716484,  2.210526
        32,         4,0.009393092175,  0.000549,        -1,73.00000134,1.020096811,         0,       900,721.3400432
        33,         1,         0,  0.000549,        -1,       199,        -1,         0,241.0641701,  2.526316
        33,         4,0.009544369952,  0.000549,        -1,73.0000008,-1.019736963,         0,       900,661.4637864
        34,         1,         0,  0.000549,        -1,       201,        -1,         0,180.8716484,  2.526316
        34,         4,0.009380814692,  0.000549,        -1,73.0000008,-1.019942752,         0,       900,721.6560156
        35,         1,         0,  0.000549,        -1,       199,         1,         0,241.0641701,  2.526316
        35,         4,0.009544373403,  0.000549,        -1,73.00000183,1.019735954,         0,       900,661.4631001
        36,         1,         0,  0.000549,        -1,       201,         1,         0,180.8716484,  2.526316
        36,         4,0.009380815107,  0.000549,        -1,73.0000017,1.019938577,         0,       900,721.6559321
        37,         1,         0,  0.000549,        -1,       199,        -1,         0,241.0641701,  2.842105
        37,         4,0.009532613286,  0.000549,        -1,73.00000057,-1.019550321,         0,       900,661.7789847
        38,         1,         0,  0.000549,        -1,       201,        -1,         0,180.8716484,  2.842105
        38,         4,0.009369238991,  0.000549,        -1,73.00000122,-1.019794481,         0,       900,721.9715736
        39,         1,         0,  0.000549,        -1,       199,         1,         0,241.0641701,  2.842105
        39,         4,0.00953261147,  0.000549,        -1,73.00000064,1.01955321,         0,       900,661.7792845
        40,         1,         0,  0.000549,        -1,       201,         1,         0,180.8716484,  2.842105
        40,         4,0.009369240451,  0.000549,        -1,73.00000111,1.019796568,         0,       900,721.971223
        41,         1,         0,  0.000549,        -1,       199,        -1,         0,241.0641701,  3.157895
        41,         4,0.009521438274,  0.000549,        -1,73.00000046,-1.019379804,         0,       900,662.0951534
        42,         1,         0,  0.000549,        -1,       201,        -1,         0,180.8716484,  3.157895
        42,         4,0.009358249404,  0.000549,        -1,73.0000007,-1.019661809,         0,       900,722.2870528
        43,         1,         0,  0.000549,        -1,       199,         1,         0,241.0641701,  3.157895
        43,         4,0.009521437821,  0.000549,        -1,73.00000009,1.019375826,         0,       900,662.0952794
        44,         1,         0,  0.000549,        -1,       201,         1,         0,180.8716484,  3.157895
        44,         4,0.009358248611,  0.000549,        -1,73.00000188,1.01966237,         0,       900,722.2872082
        45,         1,         0,  0.000549,        -1,       199,        -1,         0,241.0641701,  3.473684
        45,         4,0.009510765656,  0.000549,        -1,73.00000126,-1.019208749,         0,       900,662.4111311
        46,         1,         0,  0.000549,        -1,       201,        -1,         0,180.8716484,  3.473684
        46,         4,0.00934775793,  0.000549,        -1,73.00000128,-1.019532594,         0,       900,722.602996
        47,         1,         0,  0.000549,        -1,       199,         1,         0,241.0641701,  3.473684
        47,         4,0.009510765572,  0.000549,        -1,73.00000094,1.019208231,         0,       900,662.4111838
        48,         1,         0,  0.000549,        -1,       201,         1,         0,180.8716484,  3.473684
        48,         4,0.009347757042,  0.000549,        -1,73.00000102,1.019530521,         0,       900,722.6032293
        49,         1,         0,  0.000549,        -1,       199,        -1,         0,241.0641701,  3.789474
        49,         4,0.009500527762,  0.000549,        -1,73.00000073,-1.019050993,         0,       900,662.7269774
        50,         1,         0,  0.000549,        -1,       201,        -1,         0,180.8716484,  3.789474
        50,         4,0.009337699198,  0.000549,        -1,73.00000173,-1.019406126,         0,       900,722.9190922
        51,         1,         0,  0.000549,        -1,       199,         1,         0,241.0641701,  3.789474
        51,         4,0.009500531855,  0.000549,        -1,73.00000113,1.01905188,         0,       900,662.7261809
        52,         1,         0,  0.000549,        -1,       201,         1,         0,180.8716484,  3.789474
        52,         4,0.009337699091,  0.000549,        -1,73.00000176,1.019403493,         0,       900,722.919132
        53,         1,         0,  0.000549,        -1,       199,        -1,         0,241.0641701,  4.105263
        53,         4,0.009490674587,  0.000549,        -1,73.00000082,-1.018902251,         0,       900,663.0420587
        54,         1,         0,  0.000549,        -1,       201,        -1,         0,180.8716484,  4.105263
        54,         4,0.009328022062,  0.000549,        -1,73.0000007,-1.019285402,         0,       900,723.2349085
        55,         1,         0,  0.000549,        -1,       199,         1,         0,241.0641701,  4.105263
        55,         4,0.009490672955,  0.000549,        -1,73.00000054,1.018903483,         0,       900,663.0423412
        56,         1,         0,  0.000549,        -1,       201,         1,         0,180.8716484,  4.105263
        56,         4,0.009328025135,  0.000549,        -1,73.00000039,1.019286305,         0,       900,723.2342239
        57,         1,         0,  0.000549,        -1,       199,        -1,         0,241.0641701,  4.421053
        57,         4,0.00948115385,  0.000549,        -1,73.00000105,-1.01875934,         0,       900,663.3581466
        58,         1,         0,  0.000549,        -1,       201,        -1,         0,180.8716484,  4.421053
        58,         4,0.009318684899,  0.000549,        -1,73.00000062,-1.019172556,         0,       900,723.5500673
        59,         1,         0,  0.000549,        -1,       199,         1,         0,241.0641701,  4.421053
        59,         4,0.009481153153,  0.000549,        -1,73.0000009,1.018760075,         0,       900,663.3582954
        60,         1,         0,  0.000549,        -1,       201,         1,         0,180.8716484,  4.421053
        60,         4,0.009318683816,  0.000549,        -1,73.00000171,1.01917654,         0,       900,723.5502686
        61,         1,         0,  0.000549,        -1,       199,        -1,         0,241.0641701,  4.736842
        61,         4,0.009471936426,  0.000549,        -1,73.00000182,-1.0186211,         0,       900,663.6740985
        62,         1,         0,  0.000549,        -1,       201,        -1,         0,180.8716484,  4.736842
        62,         4,0.009309645467,  0.000549,        -1,73.00000187,-1.019066513,         0,       900,723.8660922
        63,         1,         0,  0.000549,        -1,       199,         1,         0,241.0641701,  4.736842
        63,         4,0.009471935588,  0.000549,        -1,73.00000168,1.018614894,         0,       900,663.6743135
        64,         1,         0,  0.000549,        -1,       201,         1,         0,180.8716484,  4.736842
        64,         4,0.009309644948,  0.000549,        -1,73.00000153,1.019064084,         0,       900,723.8662308
        65,         1,         0,  0.000549,        -1,       199,        -1,         0,241.0641701,  5.052632
        65,         4,0.009462991681,  0.000549,        -1,73.0000014,-1.018481425,         0,       900,663.9900961
        66,         1,         0,  0.000549,        -1,       201,        -1,         0,180.8716484,  5.052632
        66,         4,0.009300878685,  0.000549,        -1,73.00000181,-1.01895789,         0,       900,724.1820527
        67,         1,         0,  0.000549,        -1,       199,         1,         0,241.0641701,  5.052632
        67,         4,0.009462992951,  0.000549,        -1,73.00000043,1.018484362,         0,       900,663.9898514
        68,         1,         0,  0.000549,        -1,       201,         1,         0,180.8716484,  5.052632
        68,         4,0.009300877379,  0.000549,        -1,73.00000164,1.018956395,         0,       900,724.1823616
        69,         1,         0,  0.000549,        -1,       199,        -1,         0,241.0641701,  5.368421
        69,         4,0.009454296767,  0.000549,        -1,73.00000026,-1.018355547,         0,       900,664.3056029
        70,         1,         0,  0.000549,        -1,       201,        -1,         0,180.8716484,  5.368421
        70,         4,0.009292358534,  0.000549,        -1,73.00000073,-1.018853847,         0,       900,724.4981204
        71,         1,         0,  0.000549,        -1,       199,         1,         0,241.0641701,  5.368421
        71,         4,0.009454298307,  0.000549,        -1,73.00000081,1.018356566,         0,       900,664.3052895
        72,         1,         0,  0.000549,        -1,       201,         1,         0,180.8716484,  5.368421
        72,         4,0.00929236179,  0.000549,        -1,73.00000041,1.018852123,         0,       900,724.4974107
        73,         1,         0,  0.000549,        -1,       199,        -1,         0,241.0641701,  5.684211
        73,         4,0.009445827883,  0.000549,        -1,73.00000172,-1.018231806,         0,       900,664.621085
        74,         1,         0,  0.000549,        -1,       201,        -1,         0,180.8716484,  5.684211
        74,         4,0.00928406799,  0.000549,        -1,73.00000185,-1.018752922,         0,       900,724.8132498
        75,         1,         0,  0.000549,        -1,       199,         1,         0,241.0641701,  5.684211
        75,         4,0.009445825836,  0.000549,        -1,73.00000059,1.018234726,         0,       900,664.6214407
        76,         1,         0,  0.000549,        -1,       201,         1,         0,180.8716484,  5.684211
        76,         4,0.009284067397,  0.000549,        -1,73.0000004,1.018756114,         0,       900,724.8133685
        77,         1,         0,  0.000549,        -1,       199,        -1,         0,241.0641701,         6
        77,         4,0.009437563116,  0.000549,        -1,73.00000157,-1.018113509,         0,       900,664.9372178
        78,         1,         0,  0.000549,        -1,       201,        -1,         0,180.8716484,         6
        78,         4,0.009275981025,  0.000549,        -1,73.00000007,-1.018658744,         0,       900,725.1291701
        79,         1,         0,  0.000549,        -1,       199,         1,         0,241.0641701,         6
        79,         4,0.009437562551,  0.000549,        -1, 73.000001,1.018111182,         0,       900,664.9373607
        80,         1,         0,  0.000549,        -1,       201,         1,         0,180.8716484,         6
        80,         4,0.009275980338,  0.000549,        -1,73.00000005,1.018661051,         0,       900,725.1293082
